#Trivial Aut 1 fk-A Decomposition

np_f= [[0, 0, 0, 1, 0, 0, 1, 1], [1, 1, 1, 1, 0, 0, 0, 0], [1, 1, 1, 0, 1, 0, 0, 0], [1, 1, 1, 0, 0, 0, 0, 1], [1, 1, 0, 1, 1, 0, 0, 0], [1, 1, 0, 0, 1, 0, 1, 0], [1, 1, 0, 0, 1, 0, 0, 1], [1, 1, 0, 0, 0, 1, 0, 1], [1, 1, 0, 0, 0, 0, 1, 1], [1, 0, 1, 1, 0, 0, 1, 0], [1, 0, 1, 0, 1, 0, 0, 1], [1, 0, 1, 0, 0, 1, 1, 0], [1, 0, 1, 0, 0, 0, 1, 1], [1, 0, 0, 1, 1, 1, 0, 0], [1, 0, 0, 1, 1, 0, 0, 1], [1, 0, 0, 0, 1, 1, 1, 0], [1, 0, 0, 0, 1, 0, 1, 1], [0, 1, 1, 1, 1, 0, 0, 0], [0, 1, 1, 1, 0, 1, 0, 0], [0, 1, 1, 1, 0, 0, 0, 1], [0, 1, 1, 0, 1, 1, 0, 0], [0, 1, 1, 0, 0, 0, 1, 1], [0, 1, 0, 1, 1, 0, 0, 1], [0, 1, 0, 1, 0, 1, 1, 0], [0, 1, 0, 0, 0, 1, 1, 1], [0, 0, 1, 1, 0, 1, 1, 0], [0, 0, 1, 1, 0, 1, 0, 1], [0, 0, 1, 0, 1, 1, 1, 0], [0, 0, 1, 0, 1, 1, 0, 1], [0, 0, 0, 1, 1, 1, 0, 1], [0, 0, 0, 0, 1, 1, 1, 1]]

np_g= [[1, 0, 0, 1, 0, 1, 1, 0], [1, 1, 1, 0, 0, 0, 0, 1], [0, 1, 0, 1, 1, 0, 1, 0], [1, 1, 0, 1, 1, 0, 0, 0], [1, 0, 0, 0, 1, 1, 0, 1], [1, 0, 0, 1, 1, 0, 1, 0], [0, 1, 0, 1, 0, 1, 0, 1], [0, 0, 1, 0, 1, 1, 1, 0], [1, 1, 0, 0, 0, 1, 1, 0], [1, 1, 0, 0, 0, 1, 0, 1], [1, 0, 1, 0, 0, 1, 0, 1], [0, 0, 1, 0, 1, 0, 1, 1], [0, 1, 0, 0, 1, 0, 1, 1], [0, 1, 1, 0, 0, 1, 0, 1], [0, 1, 0, 0, 1, 1, 1, 0], [1, 1, 0, 0, 0, 0, 1, 1], [0, 1, 1, 1, 0, 0, 1, 0], [1, 0, 0, 1, 0, 1, 0, 1], [1, 0, 1, 0, 1, 0, 1, 0], [0, 0, 0, 1, 1, 0, 1, 1], [0, 1, 0, 1, 0, 0, 1, 1], [1, 0, 1, 1, 0, 1, 0, 0], [0, 1, 1, 0, 1, 0, 1, 0], [0, 1, 1, 0, 1, 0, 0, 1], [0, 0, 1, 1, 1, 0, 0, 1], [1, 0, 1, 1, 0, 0, 0, 1], [1, 0, 0, 1, 1, 0, 0, 1], [0, 0, 1, 0, 1, 1, 0, 1], [0, 1, 0, 0, 0, 1, 1, 1], [0, 1, 1, 1, 1, 0, 0, 0], [1, 1, 0, 1, 0, 1, 0, 0], [0, 0, 0, 1, 1, 1, 0, 1], [1, 0, 1, 1, 0, 0, 1, 0], [0, 0, 1, 1, 0, 0, 1, 1], [1, 0, 1, 0, 0, 0, 1, 1]]



Node Number: 1
-------------------
path: []
Non Sperner Edges f = []
Non Sperner Edges g = []
(4,7)
MFV= x_8
splitting variable is x_8

a0 =
[[0, 0, 1, 0, 1, 1, 1, 0], [0, 0, 1, 1, 0, 1, 1, 0], [0, 1, 0, 1, 0, 1, 1, 0], [0, 1, 1, 0, 1, 1, 0, 0], [0, 1, 1, 1, 0, 1, 0, 0], [0, 1, 1, 1, 1, 0, 0, 0], [1, 0, 0, 0, 1, 1, 1, 0], [1, 0, 0, 1, 1, 1, 0, 0], [1, 0, 1, 0, 0, 1, 1, 0], [1, 0, 1, 1, 0, 0, 1, 0], [1, 1, 0, 0, 1, 0, 1, 0], [1, 1, 0, 1, 1, 0, 0, 0], [1, 1, 1, 0, 1, 0, 0, 0], [1, 1, 1, 1, 0, 0, 0, 0]]
Vertex degrees: {'a': 8, 'b': 8, 'c': 9, 'd': 8, 'e': 8, 'f': 8, 'g': 7}


a1 =
[[0, 0, 0, 1, 1, 0, 1, 0], [0, 0, 0, 1, 1, 1, 0, 0], [0, 0, 1, 0, 1, 0, 1, 0], [0, 0, 1, 0, 1, 1, 0, 0], [0, 0, 1, 1, 0, 0, 1, 0], [0, 0, 1, 1, 1, 0, 0, 0], [0, 1, 0, 0, 0, 1, 1, 0], [0, 1, 0, 0, 1, 0, 1, 0], [0, 1, 0, 1, 0, 0, 1, 0], [0, 1, 0, 1, 0, 1, 0, 0], [0, 1, 1, 0, 0, 1, 0, 0], [0, 1, 1, 0, 1, 0, 0, 0], [1, 0, 0, 0, 1, 1, 0, 0], [1, 0, 0, 1, 0, 1, 0, 0], [1, 0, 0, 1, 1, 0, 0, 0], [1, 0, 1, 0, 0, 0, 1, 0], [1, 0, 1, 0, 0, 1, 0, 0], [1, 0, 1, 1, 0, 0, 0, 0], [1, 1, 0, 0, 0, 0, 1, 0], [1, 1, 0, 0, 0, 1, 0, 0], [1, 1, 1, 0, 0, 0, 0, 0]]

Vertex degrees: {'a': 9, 'b': 9, 'c': 10, 'd': 9, 'e': 9, 'f': 9, 'g': 8}


b0 =
[[0, 0, 1, 0, 1, 1, 1, 0], [0, 1, 0, 0, 1, 1, 1, 0], [0, 1, 0, 1, 1, 0, 1, 0], [0, 1, 1, 0, 1, 0, 1, 0], [0, 1, 1, 1, 0, 0, 1, 0], [0, 1, 1, 1, 1, 0, 0, 0], [1, 0, 0, 1, 0, 1, 1, 0], [1, 0, 0, 1, 1, 0, 1, 0], [1, 0, 1, 0, 1, 0, 1, 0], [1, 0, 1, 1, 0, 0, 1, 0], [1, 0, 1, 1, 0, 1, 0, 0], [1, 1, 0, 0, 0, 1, 1, 0], [1, 1, 0, 1, 0, 1, 0, 0], [1, 1, 0, 1, 1, 0, 0, 0]]
Vertex degrees: {'a': 8, 'b': 8, 'c': 7, 'd': 9, 'e': 8, 'f': 6, 'g': 10}


b1 =
[[0, 0, 0, 0, 1, 1, 1, 0], [0, 0, 0, 1, 1, 1, 0, 0], [0, 0, 1, 0, 1, 1, 0, 0], [0, 0, 1, 1, 0, 1, 0, 0], [0, 1, 0, 0, 0, 1, 1, 0], [0, 1, 0, 1, 1, 0, 0, 0], [0, 1, 1, 0, 0, 0, 1, 0], [0, 1, 1, 1, 0, 0, 0, 0], [1, 0, 0, 0, 1, 0, 1, 0], [1, 0, 0, 1, 1, 0, 0, 0], [1, 0, 1, 0, 0, 0, 1, 0], [1, 0, 1, 0, 1, 0, 0, 0], [1, 1, 0, 0, 0, 0, 1, 0], [1, 1, 0, 0, 0, 1, 0, 0], [1, 1, 0, 0, 1, 0, 0, 0], [1, 1, 1, 0, 0, 0, 0, 0], [0, 0, 0, 1, 0, 0, 1, 0]]

Vertex degrees: {'a': 8, 'b': 8, 'c': 7, 'd': 6, 'e': 8, 'f': 6, 'g': 7}

-------------------
Node Number: 2
-------------------
path: ['L']
Non Sperner Edges f = []
Non Sperner Edges g = []

MFV= x_3
splitting variable is x_3

a0 =
[[0, 1, 0, 1, 0, 1, 1, 0], [1, 0, 0, 0, 1, 1, 1, 0], [1, 0, 0, 1, 1, 1, 0, 0], [1, 1, 0, 0, 1, 0, 1, 0], [1, 1, 0, 1, 1, 0, 0, 0]]
Vertex degrees: {'a': 4, 'b': 3, 'c': 3, 'd': 4, 'e': 3, 'f': 3}
(d,g)
(b,d)(f,g)
(a,e)
Cardinality of aut: 16

C2*D8

a1 =
[[0, 0, 0, 0, 1, 0, 1, 0], [0, 0, 0, 0, 1, 1, 0, 0], [0, 0, 0, 1, 0, 0, 1, 0], [0, 0, 0, 1, 1, 0, 0, 0], [0, 1, 0, 0, 0, 1, 0, 0], [0, 1, 0, 0, 1, 0, 0, 0], [1, 0, 0, 0, 0, 0, 1, 0], [1, 0, 0, 0, 0, 1, 0, 0], [1, 0, 0, 1, 0, 0, 0, 0], [1, 1, 0, 0, 0, 0, 0, 0]]
Vertex degrees: {'a': 4, 'b': 3, 'c': 3, 'd': 4, 'e': 3, 'f': 3}

b0 =
[[0, 0, 0, 1, 1, 0, 1, 0], [0, 0, 0, 1, 1, 1, 0, 0], [0, 1, 0, 0, 0, 1, 1, 0], [0, 1, 0, 0, 1, 0, 1, 0], [0, 1, 0, 1, 0, 0, 1, 0], [0, 1, 0, 1, 0, 1, 0, 0], [1, 0, 0, 0, 1, 1, 0, 0], [1, 0, 0, 1, 0, 1, 0, 0], [1, 0, 0, 1, 1, 0, 0, 0], [1, 1, 0, 0, 0, 0, 1, 0], [1, 1, 0, 0, 0, 1, 0, 0]]
Vertex degrees: {'a': 5, 'b': 6, 'c': 6, 'd': 5, 'e': 6, 'f': 5}
trivial

b1 =
[[1, 0, 0, 1, 1, 1, 0, 0], [0, 0, 0, 0, 1, 1, 1, 0], [0, 0, 0, 1, 0, 1, 1, 0], [0, 1, 0, 0, 1, 1, 0, 0], [0, 1, 0, 1, 0, 1, 0, 0], [0, 1, 0, 1, 1, 0, 0, 0], [1, 0, 0, 0, 0, 1, 1, 0], [1, 0, 0, 1, 0, 0, 1, 0], [1, 1, 0, 0, 1, 0, 0, 0], [1, 1, 0, 1, 0, 0, 0, 0]]
Vertex degrees: {'a': 5, 'b': 5, 'c': 6, 'd': 5, 'e': 6, 'f': 4}

-------------------
Node Number: 3
-------------------
path: ['L', 'L']
Non Sperner Edges f = []
Non Sperner Edges g = []

MFV= x_1
splitting variable is x_1

a0 =
[[0, 1, 0, 1, 0, 1, 1, 0]]
S4

a1 =
[[0, 0, 0, 0, 0, 0, 1, 0], [0, 0, 0, 0, 0, 1, 0, 0], [0, 0, 0, 1, 0, 0, 0, 0], [0, 1, 0, 0, 0, 0, 0, 0]]

b0 =
[[0, 0, 0, 0, 1, 0, 1, 0], [0, 0, 0, 0, 1, 1, 0, 0], [0, 0, 0, 1, 0, 0, 1, 0], [0, 0, 0, 1, 1, 0, 0, 0], [0, 1, 0, 0, 0, 1, 0, 0], [0, 1, 0, 0, 1, 0, 0, 0]]
Vertex degrees: {'a': 2, 'b': 2, 'c': 4, 'd': 2, 'e': 2}
generators: (d,g),(b,d)(f,g), cardinality 8


b1 =
[[0, 1, 0, 1, 0, 1, 1, 0], [0, 0, 0, 0, 1, 1, 1, 0], [0, 0, 0, 1, 1, 1, 0, 0], [0, 1, 0, 0, 1, 0, 1, 0], [0, 1, 0, 1, 1, 0, 0, 0]]
Vertex degrees: {'a': 3, 'b': 3, 'c': 4, 'd': 3, 'e': 3}

-------------------
Node Number: 4
-------------------
-------------------
Node Number: 5
-------------------
path: ['L', 'L', 'R']
Non Sperner Edges f = []
Non Sperner Edges g = []

MFV= x_5
splitting variable is x_5

a0 =
[[0, 0, 0, 1, 0, 0, 1, 0], [0, 1, 0, 0, 0, 1, 0, 0]]

Vertex degrees: {'a': 1, 'b': 1, 'c': 1, 'd': 1}
(d,g)
(b,d)(f,g)
Cardinality of aut: 8

a1 =
[[0, 0, 0, 0, 0, 1, 1, 0], [0, 0, 0, 1, 0, 1, 0, 0], [0, 1, 0, 0, 0, 0, 1, 0], [0, 1, 0, 1, 0, 0, 0, 0]]
Vertex degrees: {'a': 2, 'b': 2, 'c': 2, 'd': 2}
same

b0 =
[[0, 1, 0, 1, 0, 1, 1, 0]]

b1 =
[[0, 0, 0, 0, 0, 0, 1, 0], [0, 0, 0, 0, 0, 1, 0, 0], [0, 0, 0, 1, 0, 0, 0, 0], [0, 1, 0, 0, 0, 0, 0, 0]]

-------------------
Node Number: 6
-------------------
path: ['L', 'L', 'R', 'L']
Non Sperner Edges f = []
Non Sperner Edges g = []

MFV= x_2
splitting variable is x_2

a0 =
[[0, 0, 0, 1, 0, 0, 1, 0]]

a1 =
[[0, 0, 0, 0, 0, 0, 1, 0], [0, 0, 0, 1, 0, 0, 0, 0]]

b0 =
[[0, 0, 0, 0, 0, 1, 1, 0], [0, 0, 0, 1, 0, 1, 0, 0]]

b1 =
[[0, 0, 0, 1, 0, 0, 1, 0], [0, 0, 0, 0, 0, 1, 0, 0]]

-------------------
Node Number: 7
-------------------
-------------------
Node Number: 8
-------------------
path: ['L', 'L', 'R', 'L', 'R']
Non Sperner Edges f = []
Non Sperner Edges g = []

MFV= x_6
splitting variable is x_6

a0 =
[]

a1 =
[[0, 0, 0, 0, 0, 0, 0, 0]]

b0 =
[[0, 0, 0, 1, 0, 0, 1, 0]]

b1 =
[[0, 0, 0, 0, 0, 0, 1, 0], [0, 0, 0, 1, 0, 0, 0, 0]]

-------------------
Node Number: 9
-------------------
-------------------
Node Number: 10
-------------------
-------------------
Node Number: 11
-------------------
-------------------
Node Number: 12
-------------------
path: ['L', 'R']
Non Sperner Edges f = []
Non Sperner Edges g = []

MFV= x_4
splitting variable is x_4

a0 =
[[0, 1, 0, 0, 0, 1, 1, 0], [0, 1, 0, 0, 1, 0, 1, 0], [1, 0, 0, 0, 1, 1, 0, 0], [1, 1, 0, 0, 0, 0, 1, 0], [1, 1, 0, 0, 0, 1, 0, 0]]
Vertex degrees: {'a': 3, 'b': 4, 'c': 2, 'd': 3, 'e': 3}

(a,f), size 2


a1 =
[[1, 0, 0, 0, 1, 1, 0, 0], [0, 0, 0, 0, 0, 1, 1, 0], [0, 1, 0, 0, 0, 1, 0, 0], [0, 1, 0, 0, 1, 0, 0, 0], [1, 0, 0, 0, 0, 0, 1, 0], [1, 1, 0, 0, 0, 0, 0, 0]]
Vertex degrees: {'a': 3, 'b': 3, 'c': 2, 'd': 3, 'e': 2}


b0 =
[[0, 0, 0, 0, 1, 1, 1, 0], [0, 1, 0, 0, 1, 1, 0, 0], [1, 0, 0, 0, 0, 1, 1, 0], [1, 1, 0, 0, 1, 0, 0, 0]]
Vertex degrees: {'a': 2, 'b': 2, 'c': 3, 'd': 3, 'e': 2}
(b,g)(e,f)-- size 2
C2

b1 =
[[0, 0, 0, 0, 1, 0, 1, 0], [0, 0, 0, 0, 1, 1, 0, 0], [0, 1, 0, 0, 0, 0, 1, 0], [0, 1, 0, 0, 0, 1, 0, 0], [1, 0, 0, 0, 0, 1, 0, 0], [1, 0, 0, 0, 1, 0, 0, 0]]
Vertex degrees: {'a': 2, 'b': 2, 'c': 3, 'd': 3, 'e': 2}


-------------------
Node Number: 13
-------------------
path: ['L', 'R', 'L']
Non Sperner Edges f = []
Non Sperner Edges g = []

MFV= x_2
splitting variable is x_2

a0 =
[[1, 0, 0, 0, 1, 1, 0, 0]]
S3

a1 =
[[0, 0, 0, 0, 0, 1, 0, 0], [0, 0, 0, 0, 1, 0, 0, 0], [1, 0, 0, 0, 0, 0, 0, 0]]

b0 =
[[1, 0, 0, 0, 1, 1, 0, 0], [0, 0, 0, 0, 0, 1, 1, 0], [1, 0, 0, 0, 0, 0, 1, 0]]
Vertex degrees: {'a': 2, 'b': 1, 'c': 2, 'd': 2}
(a,f)  size 2


b1 =
[[0, 0, 0, 0, 0, 1, 1, 0], [0, 0, 0, 0, 1, 0, 1, 0], [1, 0, 0, 0, 0, 0, 1, 0], [1, 0, 0, 0, 0, 1, 0, 0]]
Vertex degrees: {'a': 2, 'b': 1, 'c': 2, 'd': 3}

-------------------
Node Number: 14
-------------------
-------------------
Node Number: 15
-------------------
path: ['L', 'R', 'L', 'R']
Non Sperner Edges f = []
Non Sperner Edges g = []

MFV= x_7
splitting variable is x_7

a0 =
[[1, 0, 0, 0, 1, 1, 0, 0]]
S3

a1 =
[[0, 0, 0, 0, 0, 1, 0, 0], [0, 0, 0, 0, 1, 0, 0, 0], [1, 0, 0, 0, 0, 0, 0, 0]]

b0 =
[[1, 0, 0, 0, 0, 1, 0, 0]]
S2

b1 =
[[0, 0, 0, 0, 0, 1, 0, 0], [1, 0, 0, 0, 0, 0, 0, 0]]

-------------------
Node Number: 16
-------------------
-------------------
Node Number: 17
-------------------
-------------------
Node Number: 18
-------------------
path: ['L', 'R', 'R']
Non Sperner Edges f = []
Non Sperner Edges g = []

MFV= x_5
splitting variable is x_5

a0 =
[[1, 0, 0, 0, 0, 1, 1, 0]]
S3

a1 =
[[0, 0, 0, 0, 0, 0, 1, 0], [0, 0, 0, 0, 0, 1, 0, 0], [1, 0, 0, 0, 0, 0, 0, 0]]

b0 =
[[0, 1, 0, 0, 0, 0, 1, 0], [0, 1, 0, 0, 0, 1, 0, 0], [1, 0, 0, 0, 0, 1, 0, 0]]

(a,g)(b,f) size 2
Vertex degrees: {'a': 1, 'b': 2, 'c': 2, 'd': 1}

b1 =
[[0, 0, 0, 0, 0, 1, 1, 0], [0, 1, 0, 0, 0, 1, 0, 0], [1, 1, 0, 0, 0, 0, 0, 0]]
Vertex degrees: {'a': 1, 'b': 2, 'c': 2, 'd': 1}
-------------------
Node Number: 19
-------------------
-------------------
Node Number: 20
-------------------
path: ['L', 'R', 'R', 'R']
Non Sperner Edges f = []
Non Sperner Edges g = []

MFV= x_2
splitting variable is x_2

a0 =
[[1, 0, 0, 0, 0, 1, 0, 0]]
S2

a1 =
[[0, 0, 0, 0, 0, 1, 0, 0], [1, 0, 0, 0, 0, 0, 0, 0]]

b0 =
[[0, 0, 0, 0, 0, 1, 1, 0]]
S2

b1 =
[[0, 0, 0, 0, 0, 0, 1, 0], [0, 0, 0, 0, 0, 1, 0, 0]]

-------------------
Node Number: 21
-------------------
-------------------
Node Number: 22
-------------------
-------------------
Node Number: 23
-------------------
path: ['R']
Non Sperner Edges f = []
Non Sperner Edges g = []

MFV= x_7
splitting variable is x_7

a0 =
[[0, 1, 1, 1, 1, 0, 0, 0], [1, 0, 1, 1, 0, 1, 0, 0], [1, 1, 0, 1, 0, 1, 0, 0], [1, 1, 0, 1, 1, 0, 0, 0]]
Vertex degrees: {'a': 3, 'b': 3, 'c': 2, 'd': 4, 'e': 2, 'f': 2}
(a,b)(e,f)
Cardinality of aut: 2

a1 =
[[0, 0, 0, 0, 1, 1, 0, 0], [0, 1, 0, 0, 0, 1, 0, 0], [0, 1, 1, 0, 0, 0, 0, 0], [1, 0, 0, 0, 1, 0, 0, 0], [1, 0, 1, 0, 0, 0, 0, 0], [1, 1, 0, 0, 0, 0, 0, 0], [0, 0, 0, 1, 0, 0, 0, 0]]

Vertex degrees: {'a': 3, 'b': 3, 'c': 2, 'd': 1, 'e': 2, 'f': 2}

b0 =
[[0, 0, 0, 1, 1, 1, 0, 0], [0, 0, 1, 0, 1, 1, 0, 0], [0, 0, 1, 1, 0, 1, 0, 0], [0, 1, 0, 1, 1, 0, 0, 0], [0, 1, 1, 1, 0, 0, 0, 0], [1, 0, 0, 1, 1, 0, 0, 0], [1, 0, 1, 0, 1, 0, 0, 0], [1, 1, 0, 0, 0, 1, 0, 0], [1, 1, 0, 0, 1, 0, 0, 0], [1, 1, 1, 0, 0, 0, 0, 0]]

Vertex degrees: {'a': 5, 'b': 5, 'c': 5, 'd': 5, 'e': 6, 'f': 4}
The automorphism group is trivial.



b1 =
[[0, 0, 1, 0, 1, 1, 0, 0], [0, 1, 0, 0, 1, 1, 0, 0], [0, 1, 0, 1, 1, 0, 0, 0], [0, 1, 1, 0, 1, 0, 0, 0], [0, 1, 1, 1, 0, 0, 0, 0], [1, 0, 0, 1, 0, 1, 0, 0], [1, 0, 0, 1, 1, 0, 0, 0], [1, 0, 1, 0, 1, 0, 0, 0], [1, 0, 1, 1, 0, 0, 0, 0], [1, 1, 0, 0, 0, 1, 0, 0]]

Vertex degrees: {'a': 5, 'b': 5, 'c': 5, 'd': 5, 'e': 6, 'f': 4}
The automorphism group is trivial.


-------------------
Node Number: 24
-------------------
path: ['R', 'L']
Non Sperner Edges f = []
Non Sperner Edges g = []

MFV= x_1
splitting variable is x_1

a0 =
[[0, 1, 1, 1, 1, 0, 0, 0]]

S4

a1 =
[[0, 0, 0, 0, 1, 0, 0, 0], [0, 0, 1, 0, 0, 0, 0, 0], [0, 1, 0, 0, 0, 0, 0, 0], [0, 0, 0, 1, 0, 0, 0, 0]]

b0 =
[[0, 0, 0, 0, 1, 1, 0, 0], [0, 1, 0, 0, 0, 1, 0, 0], [0, 1, 1, 0, 0, 0, 0, 0], [0, 0, 0, 1, 0, 0, 0, 0]]

Vertex degrees: {'a': 2, 'b': 1, 'c': 1, 'd': 1, 'e': 2}

b1 =
[[0, 0, 1, 1, 0, 1, 0, 0], [0, 1, 0, 1, 0, 1, 0, 0], [0, 1, 0, 1, 1, 0, 0, 0]]
Vertex degrees: {'a': 2, 'b': 1, 'c': 3, 'd': 1, 'e': 2}
(b,f)(c,e)  size 2



-------------------
Node Number: 25
-------------------
-------------------
Node Number: 26
-------------------
path: ['R', 'L', 'R']
Non Sperner Edges f = []
Non Sperner Edges g = []

MFV= x_2
splitting variable is x_2

a0 =
[[0, 0, 0, 0, 1, 1, 0, 0], [0, 0, 0, 1, 0, 0, 0, 0]]

a1 =
[[0, 0, 0, 1, 0, 1, 0, 0], [0, 0, 0, 1, 1, 0, 0, 0]]
Vertex degrees: {'a': 2, 'b': 1, 'c': 1}

(e,f) size 2

b0 =
[[0, 0, 1, 1, 0, 1, 0, 0]]
S3

b1 =
[[0, 0, 0, 0, 0, 1, 0, 0], [0, 0, 1, 0, 0, 0, 0, 0], [0, 0, 0, 1, 0, 0, 0, 0]]

-------------------
Node Number: 27
-------------------
path: ['R', 'L', 'R', 'L']
Non Sperner Edges f = []
Non Sperner Edges g = []

MFV= x_4
splitting variable is x_4

a0 =
[[0, 0, 0, 0, 1, 1, 0, 0]]
S2

a1 =
[[0, 0, 0, 0, 0, 1, 0, 0], [0, 0, 0, 0, 1, 0, 0, 0]]

b0 =
[]

b1 =
[[0, 0, 0, 0, 0, 0, 0, 0]]

-------------------
Node Number: 28
-------------------
-------------------
Node Number: 29
-------------------
-------------------
Node Number: 30
-------------------
-------------------
Node Number: 31
-------------------
path: ['R', 'R']
Non Sperner Edges f = []
Non Sperner Edges g = []

MFV= x_5
splitting variable is x_5

a0 =
[[0, 0, 1, 1, 0, 1, 0, 0], [0, 1, 1, 1, 0, 0, 0, 0], [1, 1, 0, 0, 0, 1, 0, 0], [1, 1, 1, 0, 0, 0, 0, 0]]

(a,d)(b,c)-- size 2
Vertex degrees: {'a': 2, 'b': 3, 'c': 3, 'd': 2, 'f': 2}

a1 =
[[0, 0, 1, 0, 0, 1, 0, 0], [0, 1, 0, 0, 0, 1, 0, 0], [0, 1, 0, 1, 0, 0, 0, 0], [0, 1, 1, 0, 0, 0, 0, 0], [1, 0, 0, 1, 0, 0, 0, 0], [1, 0, 1, 0, 0, 0, 0, 0]]

b0 =
[[0, 1, 1, 1, 0, 0, 0, 0], [1, 0, 0, 1, 0, 1, 0, 0], [1, 0, 1, 1, 0, 0, 0, 0], [1, 1, 0, 0, 0, 1, 0, 0]]

(a,d)(c,f)  size 2
Vertex degrees: {'a': 3, 'b': 2, 'c': 2, 'd': 3, 'f': 2}

b1 =
[[0, 0, 0, 1, 0, 1, 0, 0], [0, 0, 1, 0, 0, 1, 0, 0], [0, 1, 0, 1, 0, 0, 0, 0], [1, 0, 0, 1, 0, 0, 0, 0], [1, 0, 1, 0, 0, 0, 0, 0], [1, 1, 0, 0, 0, 0, 0, 0]]
Vertex degrees: {'a': 3, 'b': 2, 'c': 2, 'd': 3, 'e': 2}

-------------------
Node Number: 32
-------------------
path: ['R', 'R', 'L']
Non Sperner Edges f = []
Non Sperner Edges g = []

MFV= x_2
splitting variable is x_2

a0 =
[[0, 0, 1, 1, 0, 1, 0, 0]]
S3

a1 =
[[0, 0, 0, 0, 0, 1, 0, 0], [0, 0, 0, 1, 0, 0, 0, 0], [0, 0, 1, 0, 0, 0, 0, 0]]

b0 =
[[0, 0, 1, 0, 0, 1, 0, 0], [1, 0, 0, 1, 0, 0, 0, 0], [1, 0, 1, 0, 0, 0, 0, 0]]

Vertex degrees: {'a': 2, 'b': 2, 'c': 1, 'd': 1}
(a,c)(d,f)  size 2


b1 =
[[0, 0, 1, 1, 0, 0, 0, 0], [1, 0, 0, 0, 0, 1, 0, 0], [1, 0, 1, 0, 0, 0, 0, 0]]

Vertex degrees: {'a': 2, 'b': 2, 'c': 1, 'd': 1}

-------------------
Node Number: 33
-------------------
-------------------
Node Number: 34
-------------------
path: ['R', 'R', 'L', 'R']
Non Sperner Edges f = []
Non Sperner Edges g = []

MFV= x_1
splitting variable is x_1

a0 =
[[0, 0, 1, 0, 0, 1, 0, 0]]

S2

a1 =
[[0, 0, 0, 0, 0, 1, 0, 0], [0, 0, 1, 0, 0, 0, 0, 0]]

b0 =
[[0, 0, 1, 1, 0, 0, 0, 0]]

S2

b1 =
[[0, 0, 0, 1, 0, 0, 0, 0], [0, 0, 1, 0, 0, 0, 0, 0]]

-------------------
Node Number: 35
-------------------
-------------------
Node Number: 36
-------------------
-------------------
Node Number: 37
-------------------
path: ['R', 'R', 'R']
Non Sperner Edges f = []
Non Sperner Edges g = []

MFV= x_1
splitting variable is x_1

a0 =
[[0, 1, 1, 1, 0, 0, 0, 0]]

S3

a1 =
[[0, 0, 0, 1, 0, 0, 0, 0], [0, 0, 1, 0, 0, 0, 0, 0], [0, 1, 0, 0, 0, 0, 0, 0]]

b0 =
[[0, 0, 0, 1, 0, 1, 0, 0], [0, 0, 1, 0, 0, 1, 0, 0], [0, 1, 0, 1, 0, 0, 0, 0]]

Vertex degrees: {'a': 1, 'b': 1, 'c': 2, 'd': 2}
(b,c)(d,f)
Cardinality of aut: 2

b1 =
[[0, 0, 0, 1, 0, 1, 0, 0], [0, 0, 1, 1, 0, 0, 0, 0], [0, 1, 0, 0, 0, 1, 0, 0]]

Vertex degrees: {'a': 1, 'b': 1, 'c': 2, 'd': 2}

-------------------
Node Number: 38
-------------------
-------------------
Node Number: 39
-------------------
path: ['R', 'R', 'R', 'R']
Non Sperner Edges f = []
Non Sperner Edges g = []

MFV= x_4
splitting variable is x_4

a0 =
[[0, 0, 1, 0, 0, 1, 0, 0]]

S2

a1 =
[[0, 0, 0, 0, 0, 1, 0, 0], [0, 0, 1, 0, 0, 0, 0, 0]]

b0 =
[[0, 1, 0, 0, 0, 1, 0, 0]]

S2

b1 =
[[0, 0, 0, 0, 0, 1, 0, 0], [0, 1, 0, 0, 0, 0, 0, 0]]

-------------------
Node Number: 40
-------------------
-------------------
Node Number: 41
-------------------
File fk_demo.png successfully written

They are dual to each other